rowcode	produit_code	unite_code	taille_code	groupe_code
1	1.0	100.0	0.0	1.0
2	1.0	108.0	1.0	1.0
3	1.0	108.0	2.0	1.0
4	1.0	108.0	3.0	1.0
5	1.0	135.0	0.0	1.0
6	1.0	136.0	0.0	1.0
7	1.0	139.0	1.0	1.0
8	1.0	139.0	2.0	1.0
9	1.0	139.0	3.0	1.0
10	1.0	149.0	0.0	1.0
11	1.0	251.0	0.0	1.0
12	1.0	252.0	0.0	1.0
13	2.0	100.0	0.0	1.0
14	2.0	108.0	1.0	1.0
15	2.0	108.0	2.0	1.0
16	2.0	108.0	3.0	1.0
17	2.0	135.0	0.0	1.0
18	2.0	138.0	0.0	1.0
19	2.0	145.0	0.0	1.0
20	2.0	149.0	0.0	1.0
21	2.0	251.0	0.0	1.0
22	2.0	252.0	0.0	1.0
23	3.0	100.0	0.0	1.0
24	3.0	136.0	0.0	1.0
25	3.0	137.0	0.0	1.0
26	3.0	138.0	0.0	1.0
27	4.0	100.0	0.0	1.0
28	4.0	136.0	0.0	1.0
29	4.0	137.0	0.0	1.0
30	4.0	138.0	0.0	1.0
31	5.0	100.0	0.0	1.0
32	5.0	136.0	0.0	1.0
33	5.0	137.0	0.0	1.0
34	5.0	138.0	0.0	1.0
35	7.0	100.0	0.0	1.0
36	7.0	108.0	1.0	1.0
37	7.0	108.0	2.0	1.0
38	7.0	108.0	3.0	1.0
39	7.0	135.0	0.0	1.0
40	7.0	138.0	0.0	1.0
41	7.0	139.0	1.0	1.0
42	7.0	139.0	2.0	1.0
43	7.0	139.0	3.0	1.0
44	7.0	145.0	0.0	1.0
45	7.0	149.0	0.0	1.0
46	7.0	252.0	0.0	1.0
47	8.0	100.0	0.0	1.0
48	8.0	108.0	1.0	1.0
49	8.0	108.0	2.0	1.0
50	8.0	108.0	3.0	1.0
51	8.0	115.0	3.0	1.0
52	8.0	135.0	0.0	1.0
53	8.0	138.0	0.0	1.0
54	8.0	139.0	1.0	1.0
55	8.0	139.0	2.0	1.0
56	8.0	139.0	3.0	1.0
57	8.0	145.0	0.0	1.0
58	8.0	149.0	0.0	1.0
59	8.0	252.0	0.0	1.0
60	9.0	100.0	0.0	1.0
61	9.0	108.0	1.0	1.0
62	9.0	108.0	2.0	1.0
63	9.0	108.0	3.0	1.0
64	9.0	135.0	0.0	1.0
65	9.0	138.0	0.0	1.0
66	9.0	139.0	1.0	1.0
67	9.0	139.0	2.0	1.0
68	9.0	139.0	3.0	1.0
69	9.0	145.0	0.0	1.0
70	9.0	149.0	0.0	1.0
71	9.0	252.0	0.0	1.0
72	10.0	100.0	0.0	1.0
73	10.0	108.0	1.0	1.0
74	10.0	108.0	3.0	1.0
75	10.0	136.0	0.0	1.0
76	10.0	138.0	0.0	1.0
77	10.0	149.0	0.0	1.0
78	10.0	252.0	0.0	1.0
79	11.0	100.0	0.0	1.0
80	11.0	108.0	1.0	1.0
81	11.0	108.0	2.0	1.0
82	11.0	108.0	3.0	1.0
83	11.0	135.0	0.0	1.0
84	11.0	145.0	0.0	1.0
85	11.0	149.0	0.0	1.0
86	11.0	252.0	0.0	1.0
87	13.0	100.0	0.0	1.0
88	13.0	109.0	1.0	1.0
89	13.0	109.0	2.0	1.0
90	13.0	109.0	3.0	1.0
91	13.0	109.0	98.0	1.0
92	13.0	109.0	99.0	1.0
93	13.0	135.0	0.0	1.0
94	13.0	136.0	0.0	1.0
95	13.0	138.0	0.0	1.0
96	13.0	139.0	1.0	1.0
97	13.0	139.0	2.0	1.0
98	13.0	139.0	3.0	1.0
99	13.0	149.0	0.0	1.0
100	13.0	252.0	0.0	1.0
101	14.0	100.0	0.0	1.0
102	14.0	100.0	0.0	1.0
103	14.0	109.0	1.0	1.0
104	14.0	109.0	2.0	1.0
105	14.0	109.0	3.0	1.0
106	14.0	136.0	0.0	1.0
107	14.0	138.0	0.0	1.0
108	14.0	139.0	1.0	1.0
109	14.0	139.0	2.0	1.0
110	14.0	139.0	2.0	1.0
111	14.0	139.0	3.0	1.0
112	14.0	149.0	0.0	1.0
113	14.0	252.0	0.0	1.0
114	17.0	129.0	1.0	1.0
115	17.0	129.0	2.0	1.0
116	17.0	129.0	3.0	1.0
117	17.0	139.0	1.0	1.0
118	17.0	139.0	2.0	1.0
119	17.0	139.0	3.0	1.0
120	17.0	139.0	98.0	1.0
121	17.0	139.0	99.0	1.0
122	18.0	147.0	1.0	1.0
123	18.0	147.0	3.0	1.0
124	18.0	147.0	98.0	1.0
125	19.0	147.0	0.0	1.0
126	20.0	147.0	0.0	1.0
127	21.0	129.0	0.0	1.0
128	22.0	129.0	0.0	1.0
129	23.0	129.0	0.0	1.0
130	24.0	129.0	0.0	1.0
131	25.0	139.0	1.0	1.0
132	25.0	139.0	2.0	1.0
133	25.0	139.0	3.0	1.0
134	25.0	147.0	0.0	1.0
135	26.0	139.0	1.0	1.0
136	26.0	139.0	2.0	1.0
137	26.0	139.0	3.0	1.0
138	26.0	147.0	0.0	1.0
139	27.0	143.0	1.0	1.0
140	27.0	143.0	2.0	1.0
141	27.0	143.0	3.0	1.0
142	27.0	147.0	0.0	1.0
143	28.0	143.0	1.0	1.0
144	28.0	143.0	2.0	1.0
145	28.0	143.0	3.0	1.0
146	28.0	147.0	0.0	1.0
147	30.0	103.0	0.0	1.0
148	30.0	104.0	1.0	1.0
149	30.0	104.0	2.0	1.0
150	30.0	104.0	3.0	1.0
151	30.0	126.0	1.0	1.0
152	30.0	126.0	2.0	1.0
153	30.0	126.0	3.0	1.0
154	30.0	140.0	0.0	1.0
155	30.0	141.0	1.0	1.0
156	30.0	141.0	2.0	1.0
157	30.0	141.0	3.0	1.0
158	32.0	100.0	0.0	1.0
159	32.0	143.0	1.0	1.0
160	32.0	143.0	2.0	1.0
161	32.0	143.0	3.0	1.0
162	33.0	100.0	0.0	1.0
163	33.0	143.0	1.0	1.0
164	33.0	143.0	2.0	1.0
165	33.0	143.0	3.0	1.0
166	34.0	100.0	0.0	1.0
167	34.0	143.0	1.0	1.0
168	34.0	143.0	2.0	1.0
169	34.0	143.0	3.0	1.0
170	35.0	100.0	0.0	1.0
171	35.0	143.0	1.0	1.0
172	35.0	143.0	2.0	1.0
173	35.0	143.0	3.0	1.0
174	36.0	100.0	0.0	1.0
175	36.0	143.0	1.0	1.0
176	36.0	143.0	2.0	1.0
177	36.0	143.0	3.0	1.0
178	37.0	100.0	0.0	2.0
179	37.0	143.0	1.0	2.0
180	37.0	143.0	2.0	2.0
181	37.0	143.0	3.0	2.0
182	38.0	100.0	0.0	2.0
183	38.0	100.0	0.0	2.0
184	38.0	143.0	1.0	2.0
185	38.0	143.0	1.0	2.0
186	38.0	143.0	2.0	2.0
187	38.0	143.0	2.0	2.0
188	38.0	143.0	3.0	2.0
189	38.0	143.0	3.0	2.0
190	39.0	100.0	0.0	2.0
191	39.0	143.0	1.0	2.0
192	39.0	143.0	2.0	2.0
193	39.0	143.0	3.0	2.0
194	40.0	100.0	0.0	2.0
195	40.0	143.0	1.0	2.0
196	40.0	143.0	2.0	2.0
197	40.0	143.0	3.0	2.0
198	41.0	100.0	0.0	2.0
199	41.0	143.0	1.0	2.0
200	41.0	143.0	2.0	2.0
201	41.0	143.0	3.0	2.0
202	42.0	147.0	1.0	2.0
203	42.0	147.0	2.0	2.0
204	42.0	147.0	3.0	2.0
205	43.0	100.0	0.0	2.0
206	43.0	118.0	2.0	2.0
207	43.0	254.0	0.0	2.0
208	43.0	255.0	0.0	2.0
209	44.0	100.0	0.0	2.0
210	44.0	143.0	1.0	2.0
211	44.0	143.0	2.0	2.0
212	44.0	143.0	3.0	2.0
213	55.0	100.0	0.0	2.0
214	55.0	100.0	0.0	2.0
215	55.0	100.0	0.0	2.0
216	55.0	100.0	0.0	2.0
217	55.0	100.0	0.0	2.0
218	55.0	100.0	0.0	2.0
219	55.0	100.0	0.0	2.0
220	55.0	118.0	1.0	2.0
221	55.0	118.0	1.0	2.0
222	55.0	118.0	1.0	2.0
223	55.0	118.0	2.0	2.0
224	55.0	118.0	2.0	2.0
225	55.0	118.0	2.0	2.0
226	55.0	118.0	2.0	2.0
227	55.0	118.0	3.0	2.0
228	55.0	118.0	3.0	2.0
229	55.0	118.0	3.0	2.0
230	55.0	143.0	1.0	2.0
231	55.0	143.0	1.0	2.0
232	55.0	143.0	1.0	2.0
233	55.0	143.0	1.0	2.0
234	55.0	143.0	2.0	2.0
235	55.0	143.0	2.0	2.0
236	55.0	143.0	2.0	2.0
237	55.0	143.0	2.0	2.0
238	55.0	143.0	2.0	2.0
239	55.0	143.0	3.0	2.0
240	55.0	143.0	3.0	2.0
241	55.0	143.0	3.0	2.0
242	55.0	143.0	3.0	2.0
243	55.0	143.0	3.0	2.0
244	55.0	143.0	3.0	2.0
245	55.0	147.0	0.0	2.0
246	55.0	147.0	1.0	2.0
247	55.0	147.0	1.0	2.0
248	55.0	147.0	1.0	2.0
249	55.0	147.0	1.0	2.0
250	55.0	147.0	2.0	2.0
251	55.0	147.0	2.0	2.0
252	55.0	147.0	2.0	2.0
253	55.0	147.0	2.0	2.0
254	55.0	147.0	3.0	2.0
255	55.0	147.0	3.0	2.0
256	55.0	147.0	3.0	2.0
257	55.0	147.0	3.0	2.0
258	55.0	254.0	0.0	2.0
259	55.0	255.0	0.0	2.0
260	56.0	100.0	0.0	2.0
261	56.0	100.0	0.0	2.0
262	56.0	100.0	0.0	2.0
263	56.0	100.0	0.0	2.0
264	56.0	100.0	0.0	2.0
265	56.0	100.0	0.0	2.0
266	56.0	100.0	0.0	2.0
267	56.0	118.0	1.0	2.0
268	56.0	118.0	1.0	2.0
269	56.0	118.0	1.0	2.0
270	56.0	118.0	2.0	2.0
271	56.0	118.0	2.0	2.0
272	56.0	118.0	2.0	2.0
273	56.0	118.0	2.0	2.0
274	56.0	118.0	3.0	2.0
275	56.0	118.0	3.0	2.0
276	56.0	118.0	3.0	2.0
277	56.0	143.0	1.0	2.0
278	56.0	143.0	1.0	2.0
279	56.0	143.0	1.0	2.0
280	56.0	143.0	1.0	2.0
281	56.0	143.0	2.0	2.0
282	56.0	143.0	2.0	2.0
283	56.0	143.0	2.0	2.0
284	56.0	143.0	2.0	2.0
285	56.0	143.0	2.0	2.0
286	56.0	143.0	3.0	2.0
287	56.0	143.0	3.0	2.0
288	56.0	143.0	3.0	2.0
289	56.0	143.0	3.0	2.0
290	56.0	143.0	3.0	2.0
291	56.0	143.0	3.0	2.0
292	56.0	147.0	0.0	2.0
293	56.0	147.0	1.0	2.0
294	56.0	147.0	1.0	2.0
295	56.0	147.0	1.0	2.0
296	56.0	147.0	1.0	2.0
297	56.0	147.0	2.0	2.0
298	56.0	147.0	2.0	2.0
299	56.0	147.0	2.0	2.0
300	56.0	147.0	2.0	2.0
301	56.0	147.0	3.0	2.0
302	56.0	147.0	3.0	2.0
303	56.0	147.0	3.0	2.0
304	56.0	147.0	3.0	2.0
305	56.0	254.0	0.0	2.0
306	56.0	255.0	0.0	2.0
307	57.0	100.0	0.0	2.0
308	57.0	100.0	0.0	2.0
309	57.0	100.0	0.0	2.0
310	57.0	100.0	0.0	2.0
311	57.0	100.0	0.0	2.0
312	57.0	100.0	0.0	2.0
313	57.0	100.0	0.0	2.0
314	57.0	118.0	1.0	2.0
315	57.0	118.0	1.0	2.0
316	57.0	118.0	1.0	2.0
317	57.0	118.0	2.0	2.0
318	57.0	118.0	2.0	2.0
319	57.0	118.0	2.0	2.0
320	57.0	118.0	2.0	2.0
321	57.0	118.0	3.0	2.0
322	57.0	118.0	3.0	2.0
323	57.0	118.0	3.0	2.0
324	57.0	143.0	1.0	2.0
325	57.0	143.0	1.0	2.0
326	57.0	143.0	1.0	2.0
327	57.0	143.0	1.0	2.0
328	57.0	143.0	2.0	2.0
329	57.0	143.0	2.0	2.0
330	57.0	143.0	2.0	2.0
331	57.0	143.0	2.0	2.0
332	57.0	143.0	2.0	2.0
333	57.0	143.0	3.0	2.0
334	57.0	143.0	3.0	2.0
335	57.0	143.0	3.0	2.0
336	57.0	143.0	3.0	2.0
337	57.0	143.0	3.0	2.0
338	57.0	143.0	3.0	2.0
339	57.0	147.0	0.0	2.0
340	57.0	147.0	1.0	2.0
341	57.0	147.0	1.0	2.0
342	57.0	147.0	1.0	2.0
343	57.0	147.0	1.0	2.0
344	57.0	147.0	2.0	2.0
345	57.0	147.0	2.0	2.0
346	57.0	147.0	2.0	2.0
347	57.0	147.0	2.0	2.0
348	57.0	147.0	3.0	2.0
349	57.0	147.0	3.0	2.0
350	57.0	147.0	3.0	2.0
351	57.0	147.0	3.0	2.0
352	57.0	254.0	0.0	2.0
353	57.0	255.0	0.0	2.0
354	58.0	100.0	0.0	2.0
355	58.0	100.0	0.0	2.0
356	58.0	100.0	0.0	2.0
357	58.0	100.0	0.0	2.0
358	58.0	100.0	0.0	2.0
359	58.0	100.0	0.0	2.0
360	58.0	100.0	0.0	2.0
361	58.0	118.0	1.0	2.0
362	58.0	118.0	1.0	2.0
363	58.0	118.0	1.0	2.0
364	58.0	118.0	2.0	2.0
365	58.0	118.0	2.0	2.0
366	58.0	118.0	2.0	2.0
367	58.0	118.0	2.0	2.0
368	58.0	118.0	3.0	2.0
369	58.0	118.0	3.0	2.0
370	58.0	118.0	3.0	2.0
371	58.0	143.0	1.0	2.0
372	58.0	143.0	1.0	2.0
373	58.0	143.0	1.0	2.0
374	58.0	143.0	1.0	2.0
375	58.0	143.0	2.0	2.0
376	58.0	143.0	2.0	2.0
377	58.0	143.0	2.0	2.0
378	58.0	143.0	2.0	2.0
379	58.0	143.0	2.0	2.0
380	58.0	143.0	3.0	2.0
381	58.0	143.0	3.0	2.0
382	58.0	143.0	3.0	2.0
383	58.0	143.0	3.0	2.0
384	58.0	143.0	3.0	2.0
385	58.0	143.0	3.0	2.0
386	58.0	147.0	0.0	2.0
387	58.0	147.0	1.0	2.0
388	58.0	147.0	1.0	2.0
389	58.0	147.0	1.0	2.0
390	58.0	147.0	1.0	2.0
391	58.0	147.0	2.0	2.0
392	58.0	147.0	2.0	2.0
393	58.0	147.0	2.0	2.0
394	58.0	147.0	2.0	2.0
395	58.0	147.0	3.0	2.0
396	58.0	147.0	3.0	2.0
397	58.0	147.0	3.0	2.0
398	58.0	147.0	3.0	2.0
399	58.0	254.0	0.0	2.0
400	58.0	255.0	0.0	2.0
401	59.0	100.0	0.0	2.0
402	59.0	118.0	1.0	2.0
403	59.0	118.0	2.0	2.0
404	59.0	118.0	3.0	2.0
405	59.0	143.0	1.0	2.0
406	59.0	143.0	2.0	2.0
407	59.0	143.0	3.0	2.0
408	59.0	147.0	1.0	2.0
409	59.0	147.0	2.0	2.0
410	59.0	147.0	3.0	2.0
411	64.0	100.0	0.0	2.0
412	64.0	118.0	1.0	2.0
413	64.0	118.0	2.0	2.0
414	64.0	118.0	3.0	2.0
415	64.0	143.0	3.0	2.0
416	64.0	147.0	1.0	2.0
417	64.0	147.0	2.0	2.0
418	64.0	147.0	3.0	2.0
419	65.0	100.0	0.0	2.0
420	65.0	118.0	1.0	2.0
421	65.0	118.0	2.0	2.0
422	65.0	118.0	3.0	2.0
423	65.0	143.0	2.0	2.0
424	65.0	143.0	3.0	2.0
425	65.0	147.0	1.0	2.0
426	65.0	147.0	2.0	2.0
427	65.0	147.0	3.0	2.0
428	66.0	100.0	0.0	2.0
429	66.0	118.0	1.0	2.0
430	66.0	118.0	2.0	2.0
431	66.0	118.0	3.0	2.0
432	66.0	143.0	2.0	2.0
433	66.0	143.0	3.0	2.0
434	66.0	147.0	1.0	2.0
435	66.0	147.0	2.0	2.0
436	66.0	147.0	3.0	2.0
437	67.0	100.0	0.0	2.0
438	67.0	118.0	1.0	2.0
439	67.0	118.0	2.0	2.0
440	67.0	118.0	3.0	2.0
441	67.0	143.0	2.0	2.0
442	67.0	143.0	3.0	2.0
443	67.0	147.0	1.0	2.0
444	67.0	147.0	2.0	2.0
445	67.0	147.0	3.0	2.0
446	68.0	100.0	0.0	2.0
447	68.0	143.0	1.0	2.0
448	68.0	143.0	2.0	2.0
449	68.0	143.0	3.0	2.0
450	68.0	147.0	0.0	2.0
451	69.0	100.0	0.0	3.0
452	69.0	143.0	1.0	3.0
453	69.0	143.0	2.0	3.0
454	69.0	143.0	3.0	3.0
455	69.0	147.0	0.0	3.0
456	70.0	139.0	1.0	3.0
457	70.0	139.0	2.0	3.0
458	70.0	139.0	3.0	3.0
459	70.0	143.0	1.0	3.0
460	70.0	143.0	2.0	3.0
461	70.0	143.0	3.0	3.0
462	70.0	149.0	0.0	3.0
463	73.0	101.0	0.0	3.0
464	73.0	106.0	1.0	3.0
465	73.0	106.0	2.0	3.0
466	73.0	106.0	3.0	3.0
467	73.0	115.0	2.0	3.0
468	73.0	115.0	3.0	3.0
469	73.0	125.0	1.0	3.0
470	73.0	125.0	2.0	3.0
471	73.0	125.0	3.0	3.0
472	73.0	139.0	1.0	3.0
473	73.0	139.0	2.0	3.0
474	73.0	139.0	3.0	3.0
475	73.0	139.0	98.0	3.0
476	74.0	101.0	0.0	3.0
477	74.0	109.0	1.0	3.0
478	74.0	109.0	2.0	3.0
479	74.0	109.0	3.0	3.0
480	74.0	131.0	1.0	3.0
481	74.0	131.0	2.0	3.0
482	74.0	131.0	3.0	3.0
483	74.0	139.0	1.0	3.0
484	74.0	139.0	2.0	3.0
485	74.0	139.0	3.0	3.0
486	81.0	107.0	0.0	3.0
487	81.0	118.0	0.0	3.0
488	81.0	129.0	0.0	3.0
489	87.0	130.0	0.0	4.0
490	87.0	139.0	1.0	4.0
491	87.0	139.0	2.0	4.0
492	87.0	139.0	3.0	4.0
493	87.0	147.0	0.0	4.0
494	89.0	100.0	0.0	4.0
495	89.0	100.0	0.0	4.0
496	89.0	101.0	0.0	4.0
497	89.0	101.0	0.0	4.0
498	89.0	101.0	0.0	4.0
499	89.0	106.0	1.0	4.0
500	89.0	106.0	1.0	4.0
501	89.0	106.0	1.0	4.0
502	89.0	106.0	2.0	4.0
503	89.0	106.0	2.0	4.0
504	89.0	106.0	2.0	4.0
505	89.0	106.0	3.0	4.0
506	89.0	106.0	3.0	4.0
507	89.0	106.0	3.0	4.0
508	89.0	106.0	3.0	4.0
509	89.0	111.0	1.0	4.0
510	89.0	111.0	2.0	4.0
511	89.0	111.0	3.0	4.0
512	89.0	113.0	1.0	4.0
513	89.0	113.0	1.0	4.0
514	89.0	113.0	1.0	4.0
515	89.0	113.0	2.0	4.0
516	89.0	113.0	2.0	4.0
517	89.0	113.0	2.0	4.0
518	89.0	113.0	3.0	4.0
519	89.0	113.0	3.0	4.0
520	89.0	113.0	3.0	4.0
521	89.0	113.0	98.0	4.0
522	89.0	130.0	0.0	4.0
523	89.0	139.0	1.0	4.0
524	89.0	139.0	1.0	4.0
525	89.0	139.0	1.0	4.0
526	89.0	139.0	1.0	4.0
527	89.0	139.0	2.0	4.0
528	89.0	139.0	2.0	4.0
529	89.0	139.0	2.0	4.0
530	89.0	139.0	2.0	4.0
531	89.0	139.0	3.0	4.0
532	89.0	139.0	3.0	4.0
533	89.0	139.0	3.0	4.0
534	89.0	139.0	3.0	4.0
535	89.0	143.0	1.0	4.0
536	89.0	143.0	2.0	4.0
537	89.0	143.0	3.0	4.0
538	89.0	147.0	0.0	4.0
539	89.0	147.0	1.0	4.0
540	89.0	147.0	2.0	4.0
541	89.0	147.0	3.0	4.0
542	89.0	148.0	2.0	4.0
543	89.0	149.0	0.0	4.0
544	89.0	252.0	0.0	4.0
545	90.0	100.0	0.0	4.0
546	90.0	100.0	0.0	4.0
547	90.0	101.0	0.0	4.0
548	90.0	101.0	0.0	4.0
549	90.0	101.0	0.0	4.0
550	90.0	106.0	1.0	4.0
551	90.0	106.0	1.0	4.0
552	90.0	106.0	1.0	4.0
553	90.0	106.0	2.0	4.0
554	90.0	106.0	2.0	4.0
555	90.0	106.0	2.0	4.0
556	90.0	106.0	3.0	4.0
557	90.0	106.0	3.0	4.0
558	90.0	106.0	3.0	4.0
559	90.0	106.0	3.0	4.0
560	90.0	111.0	1.0	4.0
561	90.0	111.0	2.0	4.0
562	90.0	111.0	3.0	4.0
563	90.0	113.0	1.0	4.0
564	90.0	113.0	1.0	4.0
565	90.0	113.0	1.0	4.0
566	90.0	113.0	2.0	4.0
567	90.0	113.0	2.0	4.0
568	90.0	113.0	2.0	4.0
569	90.0	113.0	3.0	4.0
570	90.0	113.0	3.0	4.0
571	90.0	113.0	3.0	4.0
572	90.0	113.0	98.0	4.0
573	90.0	130.0	0.0	4.0
574	90.0	139.0	1.0	4.0
575	90.0	139.0	1.0	4.0
576	90.0	139.0	1.0	4.0
577	90.0	139.0	1.0	4.0
578	90.0	139.0	2.0	4.0
579	90.0	139.0	2.0	4.0
580	90.0	139.0	2.0	4.0
581	90.0	139.0	2.0	4.0
582	90.0	139.0	3.0	4.0
583	90.0	139.0	3.0	4.0
584	90.0	139.0	3.0	4.0
585	90.0	139.0	3.0	4.0
586	90.0	143.0	1.0	4.0
587	90.0	143.0	2.0	4.0
588	90.0	143.0	3.0	4.0
589	90.0	147.0	0.0	4.0
590	90.0	147.0	1.0	4.0
591	90.0	147.0	2.0	4.0
592	90.0	147.0	3.0	4.0
593	90.0	148.0	2.0	4.0
594	90.0	149.0	0.0	4.0
595	90.0	252.0	0.0	4.0
596	91.0	100.0	0.0	4.0
597	91.0	111.0	1.0	4.0
598	91.0	111.0	2.0	4.0
599	91.0	111.0	3.0	4.0
600	91.0	149.0	0.0	4.0
601	91.0	252.0	0.0	4.0
602	92.0	101.0	0.0	4.0
603	92.0	106.0	1.0	4.0
604	92.0	106.0	2.0	4.0
605	92.0	106.0	3.0	4.0
606	92.0	113.0	1.0	4.0
607	92.0	113.0	2.0	4.0
608	92.0	113.0	3.0	4.0
609	92.0	113.0	98.0	4.0
610	92.0	139.0	1.0	4.0
611	92.0	139.0	2.0	4.0
612	92.0	139.0	3.0	4.0
613	93.0	101.0	0.0	4.0
614	93.0	106.0	1.0	4.0
615	93.0	106.0	2.0	4.0
616	93.0	106.0	3.0	4.0
617	93.0	113.0	1.0	4.0
618	93.0	113.0	2.0	4.0
619	93.0	113.0	3.0	4.0
620	93.0	139.0	1.0	4.0
621	93.0	139.0	2.0	4.0
622	93.0	139.0	3.0	4.0
623	94.0	101.0	0.0	4.0
624	94.0	106.0	1.0	4.0
625	94.0	106.0	2.0	4.0
626	94.0	106.0	3.0	4.0
627	94.0	113.0	1.0	4.0
628	94.0	113.0	2.0	4.0
629	94.0	113.0	3.0	4.0
630	94.0	139.0	1.0	4.0
631	94.0	139.0	2.0	4.0
632	94.0	139.0	3.0	4.0
633	94.0	148.0	2.0	4.0
634	95.0	106.0	3.0	4.0
635	96.0	106.0	3.0	4.0
636	98.0	143.0	1.0	4.0
637	98.0	143.0	2.0	4.0
638	98.0	143.0	3.0	4.0
639	98.0	147.0	1.0	4.0
640	98.0	147.0	2.0	4.0
641	98.0	147.0	3.0	4.0
642	99.0	143.0	2.0	5.0
643	99.0	147.0	1.0	5.0
644	99.0	147.0	2.0	5.0
645	99.0	147.0	3.0	5.0
646	100.0	128.0	3.0	5.0
647	100.0	143.0	1.0	5.0
648	100.0	143.0	2.0	5.0
649	100.0	143.0	3.0	5.0
650	100.0	147.0	1.0	5.0
651	100.0	147.0	2.0	5.0
652	100.0	147.0	3.0	5.0
653	101.0	100.0	0.0	5.0
654	101.0	128.0	3.0	5.0
655	101.0	143.0	1.0	5.0
656	101.0	143.0	2.0	5.0
657	101.0	143.0	3.0	5.0
658	101.0	147.0	1.0	5.0
659	101.0	147.0	2.0	5.0
660	101.0	147.0	3.0	5.0
661	102.0	100.0	0.0	5.0
662	102.0	139.0	1.0	5.0
663	102.0	139.0	2.0	5.0
664	102.0	139.0	3.0	5.0
665	102.0	139.0	98.0	5.0
666	103.0	139.0	1.0	5.0
667	103.0	139.0	2.0	5.0
668	103.0	139.0	3.0	5.0
669	103.0	143.0	1.0	5.0
670	103.0	143.0	2.0	5.0
671	103.0	143.0	3.0	5.0
672	103.0	147.0	1.0	5.0
673	103.0	147.0	2.0	5.0
674	103.0	147.0	3.0	5.0
675	105.0	143.0	1.0	5.0
676	105.0	143.0	3.0	5.0
677	105.0	147.0	1.0	5.0
678	105.0	147.0	2.0	5.0
679	105.0	147.0	3.0	5.0
680	106.0	143.0	2.0	5.0
681	106.0	143.0	3.0	5.0
682	106.0	147.0	1.0	5.0
683	106.0	147.0	2.0	5.0
684	106.0	147.0	3.0	5.0
685	108.0	147.0	1.0	5.0
686	108.0	147.0	2.0	5.0
687	108.0	147.0	3.0	5.0
688	109.0	143.0	1.0	5.0
689	109.0	143.0	2.0	5.0
690	109.0	143.0	3.0	5.0
691	109.0	147.0	1.0	5.0
692	109.0	147.0	2.0	5.0
693	109.0	147.0	3.0	5.0
694	111.0	143.0	1.0	6.0
695	111.0	143.0	2.0	6.0
696	111.0	143.0	3.0	6.0
697	113.0	143.0	1.0	6.0
698	113.0	143.0	2.0	6.0
699	113.0	143.0	3.0	6.0
700	113.0	147.0	1.0	6.0
701	113.0	147.0	2.0	6.0
702	113.0	147.0	3.0	6.0
703	114.0	100.0	0.0	6.0
704	114.0	143.0	1.0	6.0
705	114.0	143.0	2.0	6.0
706	114.0	143.0	3.0	6.0
707	115.0	100.0	0.0	6.0
708	115.0	143.0	1.0	6.0
709	115.0	143.0	2.0	6.0
710	115.0	143.0	3.0	6.0
711	116.0	143.0	1.0	6.0
712	116.0	143.0	2.0	6.0
713	116.0	143.0	3.0	6.0
714	116.0	147.0	1.0	6.0
715	116.0	147.0	2.0	6.0
716	116.0	147.0	3.0	6.0
717	116.0	147.0	98.0	6.0
718	117.0	143.0	1.0	6.0
719	117.0	143.0	2.0	6.0
720	117.0	143.0	3.0	6.0
721	117.0	147.0	1.0	6.0
722	117.0	147.0	2.0	6.0
723	117.0	147.0	3.0	6.0
724	118.0	143.0	1.0	6.0
725	118.0	143.0	2.0	6.0
726	118.0	143.0	3.0	6.0
727	118.0	147.0	1.0	6.0
728	118.0	147.0	2.0	6.0
729	118.0	147.0	3.0	6.0
730	119.0	128.0	2.0	6.0
731	119.0	128.0	3.0	6.0
732	119.0	143.0	1.0	6.0
733	119.0	143.0	2.0	6.0
734	119.0	143.0	3.0	6.0
735	120.0	139.0	1.0	6.0
736	120.0	139.0	2.0	6.0
737	120.0	139.0	3.0	6.0
738	121.0	143.0	1.0	6.0
739	121.0	143.0	2.0	6.0
740	121.0	143.0	3.0	6.0
741	122.0	139.0	1.0	6.0
742	122.0	139.0	2.0	6.0
743	122.0	139.0	3.0	6.0
744	122.0	139.0	98.0	6.0
745	122.0	143.0	1.0	6.0
746	122.0	143.0	2.0	6.0
747	122.0	143.0	3.0	6.0
748	122.0	149.0	0.0	6.0
749	122.0	252.0	0.0	6.0
750	123.0	112.0	1.0	6.0
751	123.0	112.0	2.0	6.0
752	123.0	112.0	3.0	6.0
753	123.0	128.0	2.0	6.0
754	123.0	136.0	0.0	6.0
755	123.0	138.0	0.0	6.0
756	123.0	143.0	1.0	6.0
757	123.0	143.0	2.0	6.0
758	123.0	143.0	3.0	6.0
759	123.0	143.0	98.0	6.0
760	123.0	149.0	0.0	6.0
761	123.0	252.0	0.0	6.0
762	124.0	124.0	1.0	6.0
763	124.0	124.0	2.0	6.0
764	124.0	124.0	3.0	6.0
765	124.0	139.0	1.0	6.0
766	124.0	139.0	2.0	6.0
767	124.0	139.0	3.0	6.0
768	124.0	139.0	98.0	6.0
769	124.0	139.0	99.0	6.0
770	124.0	143.0	1.0	6.0
771	124.0	143.0	2.0	6.0
772	124.0	143.0	3.0	6.0
773	126.0	112.0	1.0	6.0
774	126.0	112.0	2.0	6.0
775	126.0	112.0	3.0	6.0
776	126.0	143.0	1.0	6.0
777	126.0	143.0	2.0	6.0
778	126.0	143.0	3.0	6.0
779	126.0	143.0	98.0	6.0
780	127.0	139.0	2.0	6.0
781	127.0	139.0	98.0	6.0
782	127.0	143.0	1.0	6.0
783	127.0	143.0	2.0	6.0
784	127.0	143.0	3.0	6.0
785	129.0	143.0	1.0	6.0
786	129.0	143.0	2.0	6.0
787	129.0	143.0	3.0	6.0
788	130.0	143.0	1.0	6.0
789	130.0	143.0	2.0	6.0
790	130.0	143.0	3.0	6.0
791	132.0	143.0	1.0	7.0
792	132.0	143.0	2.0	7.0
793	132.0	143.0	3.0	7.0
794	134.0	107.0	1.0	7.0
795	134.0	107.0	2.0	7.0
796	134.0	107.0	3.0	7.0
797	134.0	107.0	98.0	7.0
798	134.0	107.0	99.0	7.0
799	134.0	120.0	1.0	7.0
800	134.0	120.0	2.0	7.0
801	134.0	120.0	3.0	7.0
802	135.0	107.0	1.0	7.0
803	135.0	107.0	2.0	7.0
804	135.0	107.0	3.0	7.0
805	135.0	107.0	98.0	7.0
806	135.0	139.0	1.0	7.0
807	136.0	100.0	0.0	7.0
808	136.0	108.0	1.0	7.0
809	136.0	108.0	2.0	7.0
810	136.0	108.0	3.0	7.0
811	136.0	135.0	0.0	7.0
812	136.0	138.0	0.0	7.0
813	136.0	145.0	0.0	7.0
814	136.0	149.0	0.0	7.0
815	136.0	252.0	0.0	7.0
816	137.0	100.0	0.0	7.0
817	137.0	108.0	1.0	7.0
818	137.0	108.0	2.0	7.0
819	137.0	108.0	3.0	7.0
820	137.0	135.0	0.0	7.0
821	137.0	138.0	0.0	7.0
822	137.0	145.0	0.0	7.0
823	137.0	149.0	0.0	7.0
824	137.0	252.0	0.0	7.0
825	140.0	100.0	0.0	7.0
826	140.0	108.0	1.0	7.0
827	140.0	108.0	2.0	7.0
828	140.0	108.0	3.0	7.0
829	140.0	135.0	0.0	7.0
830	140.0	138.0	0.0	7.0
831	140.0	145.0	0.0	7.0
832	140.0	149.0	0.0	7.0
833	140.0	252.0	0.0	7.0
834	141.0	108.0	1.0	7.0
835	141.0	108.0	2.0	7.0
836	141.0	108.0	3.0	7.0
837	141.0	139.0	1.0	7.0
838	141.0	139.0	2.0	7.0
839	141.0	139.0	3.0	7.0
840	141.0	143.0	1.0	7.0
841	141.0	143.0	2.0	7.0
842	141.0	143.0	3.0	7.0
843	141.0	149.0	0.0	7.0
844	141.0	252.0	0.0	7.0
845	142.0	108.0	1.0	7.0
846	142.0	108.0	2.0	7.0
847	142.0	108.0	3.0	7.0
848	142.0	139.0	1.0	7.0
849	142.0	139.0	2.0	7.0
850	142.0	139.0	3.0	7.0
851	142.0	143.0	2.0	7.0
852	142.0	145.0	0.0	7.0
853	142.0	149.0	0.0	7.0
854	142.0	252.0	0.0	7.0
855	143.0	108.0	1.0	7.0
856	143.0	108.0	2.0	7.0
857	143.0	108.0	3.0	7.0
858	143.0	139.0	1.0	7.0
859	143.0	139.0	2.0	7.0
860	143.0	139.0	3.0	7.0
861	143.0	145.0	0.0	7.0
862	143.0	149.0	0.0	7.0
863	143.0	252.0	0.0	7.0
864	144.0	108.0	1.0	7.0
865	144.0	108.0	2.0	7.0
866	144.0	108.0	3.0	7.0
867	144.0	139.0	1.0	7.0
868	144.0	139.0	2.0	7.0
869	144.0	139.0	3.0	7.0
870	144.0	143.0	1.0	7.0
871	144.0	143.0	2.0	7.0
872	144.0	252.0	0.0	7.0
873	145.0	109.0	1.0	7.0
874	145.0	109.0	2.0	7.0
875	145.0	109.0	3.0	7.0
876	145.0	120.0	1.0	7.0
877	145.0	120.0	2.0	7.0
878	145.0	120.0	3.0	7.0
879	145.0	139.0	1.0	7.0
880	145.0	139.0	2.0	7.0
881	145.0	139.0	3.0	7.0
882	145.0	149.0	0.0	7.0
883	145.0	252.0	0.0	7.0
884	147.0	139.0	1.0	7.0
885	147.0	139.0	2.0	7.0
886	147.0	139.0	3.0	7.0
887	147.0	149.0	0.0	7.0
888	147.0	252.0	0.0	7.0
889	149.0	108.0	1.0	7.0
890	149.0	108.0	2.0	7.0
891	149.0	108.0	3.0	7.0
892	149.0	145.0	0.0	7.0
893	149.0	149.0	0.0	7.0
894	149.0	252.0	0.0	7.0
895	150.0	143.0	1.0	7.0
896	150.0	143.0	2.0	7.0
897	150.0	143.0	3.0	7.0
898	150.0	147.0	1.0	7.0
899	150.0	147.0	2.0	7.0
900	150.0	147.0	3.0	7.0
901	151.0	143.0	1.0	7.0
902	151.0	143.0	2.0	7.0
903	151.0	143.0	3.0	7.0
904	151.0	147.0	1.0	7.0
905	151.0	147.0	2.0	7.0
906	151.0	147.0	3.0	7.0
907	151.0	147.0	98.0	7.0
908	151.0	147.0	99.0	7.0
909	152.0	132.0	2.0	7.0
910	152.0	132.0	3.0	7.0
911	152.0	143.0	1.0	7.0
912	152.0	143.0	2.0	7.0
913	152.0	143.0	3.0	7.0
914	152.0	147.0	1.0	7.0
915	152.0	147.0	2.0	7.0
916	152.0	147.0	3.0	7.0
917	152.0	147.0	98.0	7.0
918	153.0	100.0	0.0	7.0
919	153.0	128.0	2.0	7.0
920	153.0	136.0	0.0	7.0
921	153.0	138.0	0.0	7.0
922	153.0	143.0	1.0	7.0
923	153.0	143.0	2.0	7.0
924	153.0	143.0	3.0	7.0
925	154.0	143.0	1.0	7.0
926	154.0	143.0	2.0	7.0
927	154.0	143.0	3.0	7.0
928	154.0	149.0	0.0	7.0
929	155.0	143.0	1.0	8.0
930	155.0	143.0	2.0	8.0
931	155.0	143.0	3.0	8.0
932	155.0	143.0	98.0	8.0
933	158.0	139.0	1.0	8.0
934	158.0	139.0	2.0	8.0
935	158.0	139.0	3.0	8.0
936	158.0	149.0	0.0	8.0
937	158.0	252.0	0.0	8.0
938	159.0	139.0	1.0	8.0
939	159.0	139.0	2.0	8.0
940	159.0	139.0	3.0	8.0
941	159.0	149.0	0.0	8.0
942	159.0	252.0	0.0	8.0
943	162.0	139.0	1.0	8.0
944	162.0	139.0	2.0	8.0
945	162.0	139.0	3.0	8.0
946	163.0	100.0	0.0	8.0
947	163.0	129.0	0.0	8.0
948	163.0	135.0	0.0	8.0
949	163.0	136.0	0.0	8.0
950	163.0	138.0	0.0	8.0
951	163.0	139.0	1.0	8.0
952	163.0	139.0	2.0	8.0
953	163.0	139.0	3.0	8.0
954	163.0	139.0	98.0	8.0
955	163.0	143.0	1.0	8.0
956	163.0	143.0	2.0	8.0
957	163.0	143.0	3.0	8.0
958	164.0	113.0	1.0	8.0
959	164.0	113.0	2.0	8.0
960	164.0	113.0	3.0	8.0
961	164.0	113.0	98.0	8.0
962	164.0	131.0	1.0	8.0
963	164.0	131.0	2.0	8.0
964	164.0	131.0	3.0	8.0
965	167.0	100.0	0.0	8.0
966	167.0	108.0	1.0	8.0
967	167.0	108.0	2.0	8.0
968	167.0	108.0	3.0	8.0
969	167.0	133.0	1.0	8.0
970	167.0	133.0	2.0	8.0
971	167.0	133.0	3.0	8.0
972	167.0	139.0	1.0	8.0
973	167.0	139.0	2.0	8.0
974	167.0	139.0	3.0	8.0
975	167.0	139.0	98.0	8.0
976	167.0	149.0	0.0	8.0
977	167.0	252.0	0.0	8.0
978	168.0	108.0	1.0	8.0
979	168.0	108.0	2.0	8.0
980	168.0	108.0	3.0	8.0
981	168.0	139.0	1.0	8.0
982	168.0	139.0	2.0	8.0
983	168.0	139.0	3.0	8.0
984	168.0	139.0	98.0	8.0
985	168.0	143.0	1.0	8.0
986	168.0	143.0	2.0	8.0
987	168.0	143.0	3.0	8.0
988	168.0	149.0	0.0	8.0
989	168.0	252.0	0.0	8.0
990	169.0	143.0	1.0	8.0
991	169.0	143.0	2.0	8.0
992	169.0	143.0	3.0	8.0
993	169.0	149.0	0.0	8.0
994	169.0	252.0	0.0	8.0
995	172.0	111.0	1.0	8.0
996	172.0	111.0	2.0	8.0
997	172.0	111.0	3.0	8.0
998	172.0	143.0	1.0	8.0
999	172.0	143.0	2.0	8.0
1000	172.0	143.0	3.0	8.0
1001	177.0	100.0	0.0	8.0
1002	177.0	115.0	2.0	8.0
1003	177.0	139.0	1.0	8.0
1004	177.0	139.0	2.0	8.0
1005	177.0	139.0	3.0	8.0
1006	177.0	143.0	1.0	8.0
1007	177.0	143.0	2.0	8.0
1008	177.0	143.0	3.0	8.0
1009	177.0	147.0	1.0	8.0
1010	177.0	147.0	2.0	8.0
1011	177.0	147.0	3.0	8.0
1012	177.0	147.0	98.0	8.0
1013	178.0	100.0	0.0	8.0
1014	178.0	115.0	2.0	8.0
1015	178.0	139.0	1.0	8.0
1016	178.0	139.0	2.0	8.0
1017	178.0	139.0	3.0	8.0
1018	178.0	143.0	1.0	8.0
1019	178.0	143.0	2.0	8.0
1020	178.0	143.0	3.0	8.0
1021	178.0	147.0	1.0	8.0
1022	178.0	147.0	2.0	8.0
1023	178.0	147.0	3.0	8.0
1024	178.0	147.0	98.0	8.0
1025	200.0	107.0	1.0	10.0
1026	200.0	107.0	2.0	10.0
1027	200.0	107.0	3.0	10.0
1028	200.0	139.0	1.0	10.0
1029	200.0	139.0	2.0	10.0
1030	200.0	139.0	3.0	10.0
1031	201.0	107.0	1.0	10.0
1032	201.0	107.0	2.0	10.0
1033	201.0	107.0	3.0	10.0
1034	201.0	139.0	1.0	10.0
1035	201.0	139.0	2.0	10.0
1036	201.0	139.0	3.0	10.0
1037	203.0	107.0	1.0	10.0
1038	203.0	107.0	2.0	10.0
1039	203.0	107.0	3.0	10.0
1040	203.0	139.0	1.0	10.0
1041	203.0	139.0	2.0	10.0
1042	203.0	139.0	3.0	10.0
1043	204.0	107.0	1.0	10.0
1044	204.0	107.0	2.0	10.0
1045	204.0	107.0	3.0	10.0
1046	204.0	139.0	1.0	10.0
1047	204.0	139.0	2.0	10.0
1048	204.0	139.0	3.0	10.0
1049	205.0	129.0	1.0	10.0
1050	205.0	129.0	2.0	10.0
1051	205.0	139.0	1.0	10.0
1052	205.0	139.0	2.0	10.0
1053	205.0	139.0	3.0	10.0
1054	207.0	131.0	1.0	10.0
1055	207.0	131.0	2.0	10.0
1056	207.0	139.0	0.0	10.0
1057	213.0	124.0	0.0	10.0
1058	213.0	127.0	0.0	10.0
1059	213.0	139.0	1.0	10.0
1060	213.0	139.0	2.0	10.0
1061	213.0	994.0	0.0	10.0
1062	213.0	1003.0	0.0	10.0
1063	214.0	124.0	0.0	11.0
1064	214.0	139.0	1.0	11.0
1065	214.0	139.0	2.0	11.0
1066	214.0	991.0	0.0	11.0
1067	214.0	993.0	0.0	11.0
1068	214.0	993.0	0.0	11.0
1069	214.0	994.0	0.0	11.0
1070	214.0	997.0	0.0	11.0
1071	214.0	997.0	0.0	11.0
1072	214.0	1000.0	0.0	11.0
1073	214.0	1002.0	0.0	11.0
1074	214.0	1003.0	0.0	11.0
1075	215.0	124.0	0.0	11.0
1076	215.0	139.0	1.0	11.0
1077	215.0	139.0	2.0	11.0
1078	215.0	991.0	0.0	11.0
1079	215.0	993.0	0.0	11.0
1080	215.0	993.0	0.0	11.0
1081	215.0	994.0	0.0	11.0
1082	215.0	997.0	0.0	11.0
1083	215.0	997.0	0.0	11.0
1084	215.0	1000.0	0.0	11.0
1085	215.0	1002.0	0.0	11.0
1086	215.0	1003.0	0.0	11.0
1087	216.0	139.0	1.0	11.0
1088	216.0	139.0	2.0	11.0
1089	217.0	139.0	1.0	11.0
1090	217.0	139.0	2.0	11.0
1091	218.0	101.0	0.0	11.0
1092	218.0	113.0	1.0	11.0
1093	218.0	113.0	2.0	11.0
1094	218.0	113.0	3.0	11.0
1095	218.0	997.0	0.0	11.0
